-46.7238 2.74668 0.160178 3.88616 1.49168 0.687457 -0.791714 0.96641 0
1.11035 18.8895 -1.91847 3.76292 1.7431 1.52445 -0.788145 0.963161 0
20.5516 12.4066 -1.80687 2.63722 1.63629 1.77488 2.41374 0.959988 0
30.8551 23.7523 -2.15356 3.1811 1.40336 2.01415 2.42733 0.948058 0
-16.2242 -1.85938 -1.83514 4.45551 1.81519 1.47106 -0.779213 0.940134 0
22.8352 14.7553 -1.92817 2.90209 1.4779 1.87098 2.4315 0.940134 0
-37.3914 25.1545 -0.886372 3.9861 1.76365 1.67387 -2.47007 0.934753 0
19.509 36.3252 -1.97287 3.40284 1.16798 1.27777 -0.860032 0.934515 0
-32.1977 -24.1715 -1.57713 4.21016 1.96173 1.59566 -2.28 0.934275 0
18.6369 10.591 -1.84502 2.84318 1.72447 1.80723 2.38448 0.932576 0
27.3232 18.8203 -1.94361 3.35008 1.15945 1.93604 2.3071 0.923316 0
7.43633 -7.60625 -1.79425 11.6019 2.81005 2.86828 2.41293 0.919643 0
-7.54297 -7.89863 -1.85482 3.74094 1.95886 1.43034 0.851966 0.918626 0
3.93594 21.7687 -1.97914 4.31421 1.86916 1.72195 -0.825322 0.91804 0
-28.3543 -14.5445 -1.6618 3.64359 1.66897 1.40954 -0.739509 0.917746 0
17.9404 33.8615 -2.09281 2.38952 1.30075 1.31063 -0.832196 0.917451 0
-43.6939 -28.3594 -1.06464 2.88795 1.66165 1.20741 -0.763118 0.917154 0
-21.2521 24.2816 -1.18458 1.73885 1.77835 1.4258 2.27439 0.906983 0
6.24375 23.3398 -1.93403 3.91664 1.75163 1.87098 -0.924385 0.903123 0
24.4852 16.9285 -1.94316 2.23491 1.13052 1.34335 2.39799 0.902266 0
-4.89453 13.35 -1.8659 4.37787 2.0791 1.62633 -0.753195 0.892375 0
25.1654 41.2539 -1.94196 2.16509 1.10279 1.0597 2.35477 0.891622 0
10.1926 -3.33672 -1.86406 4.2349 1.72532 1.93321 0.785398 0.88642 0
11.8238 29.3496 -2.03594 4.82697 1.5148 1.40782 -0.749797 0.879665 0
23.5795 39.4594 -2.06561 1.93038 0.740782 1.02967 -0.791096 0.870927 0
15.2684 5.43906 -1.99535 4.54338 1.9191 1.9868 2.37809 0.859546 0
14.5223 32.6859 -2.01971 4.73361 1.95313 1.60582 -0.77854 0.858955 0
-21.5174 -7.40898 -1.72536 3.87479 1.54732 1.43313 -0.861331 0.856812 0
-3.67461 43.6453 -0.555495 2.02302 1.50485 0.54849 2.41001 0.849597 0
-15.0779 -15.5523 -1.02978 1.69608 1.73291 0.688465 0.735161 0.838151 0
36.7371 29.9816 -2.30953 2.6398 0.994461 1.34171 2.39941 0.819026 0
21.518 38.0043 -2.00822 2.94779 1.1714 1.21956 -0.862585 0.807916 0
-1.20722 17.5805 -1.89112 4.31 1.78618 1.41505 -0.76582 0.772531 0
-25.6531 -10.5934 -1.67821 4.21016 1.85642 1.76365 -0.828072 0.769946 0
-5.76679 41.2887 -0.599259 1.9191 1.45144 0.637971 2.28394 0.769254 0
-17.5799 -4.64941 -1.79577 2.9277 1.72616 1.44897 2.32321 0.75401 0
34.5223 40.9802 -2.29272 4.18556 1.90696 2.01513 0.786092 0.738669 0
16.7859 8.31875 -2.00168 3.82591 1.89212 2.0014 2.41358 0.731826 0
28.8318 20.9954 -2.02475 3.23119 1.5477 1.87373 2.39055 0.7237 0
-37.7227 -22.4266 -1.49588 4.66022 1.70855 1.33648 -0.867387 0.721351 0
39.3555 32.1752 -1.97758 3.22174 0.840852 1.45322 2.46716 0.698946 0
11.9555 -15.0036 -1.67437 4.52125 1.59177 1.47863 0.830103 0.693784 0
55.5309 67.9078 0.724003 3.504 0.533956 0.841057 -0.690282 0.294519 0
-19.0717 41.3457 -0.0419274 2.28233 1.32123 0.538933 -2.37696 0.277277 0
57.1277 62.6936 0.443351 4.01736 1.08436 1.14064 -0.63641 0.223208 0
57.6172 60.6391 1.0876 1.40439 0.970358 0.621673 -0.264776 0.20466 0
-39.777 14.8941 0.0141388 2.21103 0.917036 0.74223 1.70027 0.194368 0
-7.13984 -3.73047 -1.76052 0.798243 0.754103 1.7144 -2.81657 0.820469 1
-13.1012 -2.43984 -1.79666 0.502586 0.518287 1.55034 -1.05188 0.804866 1
-13.7148 -3.19746 -1.81934 0.620005 0.669241 1.61328 -0.671786 0.797241 1
-35.8166 25.1213 -0.89551 0.37422 0.499894 1.36084 3.03041 0.668015 1
56.3574 63.9383 0.620154 0.289882 0.759275 1.03313 0.392976 0.311217 1
-19.4258 38.3547 0.0672267 0.227531 0.421776 0.363594 0.698025 0.190423 1
-36.2266 24.9867 -0.733016 0.384031 0.439006 1.23288 2.81172 0.174551 1
-31.0805 64.2984 0.814453 0.218174 0.359007 1 1.80644 0.100879 1
1.98985 -0.617867 -1.86424 0.227976 0.229764 0.611288 0.223536 0.955734 3
-2.16328 -1.84648 -1.8858 0.243153 0.254325 0.611437 1.41968 0.955068 3
-1.11953 1.34258 -1.82647 0.204356 0.212082 0.574813 0.838046 0.945901 3
2.05664 2.01094 -1.93713 0.276068 0.27526 0.632079 0.775738 0.936634 3
0.650002 2.68223 -1.88206 0.262399 0.263941 0.584435 0.961879 0.924279 3
-2.67031 -0.24453 -1.7838 0.235672 0.262655 0.563695 0.922159 0.914901 3
2.61836 0.660156 -1.88039 0.268621 0.259595 0.534217 0.357131 0.883839 3
0.881447 -1.68359 -1.88392 0.254325 0.256821 0.6194 0.461892 0.868269 3
-0.886719 -2.675 -1.90611 0.229316 0.201581 0.327838 0.781214 0.630116 3
-44.1746 -35.7242 -1.262 1.42337 0.607568 0.770103 -1.68989 0.560072 2
-5.37773 -5.33144 -1.55874 0.193103 0.183901 0.433891 2.94834 0.179387 3
-6.53281 11.8711 -1.62066 0.201975 0.25607 0.460074 0.870579 0.152032 3
2.17344 0.475395 -1.84939 0.25582 0.249894 0.487837 -1.22623 0.111434 3
-17.032 -19.2781 -1.59372 0.196527 0.22532 0.751897 0.598642 0.108001 3
-50.6594 -43.4539 -1.24935 0.65103 0.977312 0.926431 -2.57035 0.103205 2
-2.48359 -1.83984 -1.85028 0.307375 0.285388 0.46618 1.97399 0.102664 3
-24.2617 16.4324 -0.95255 0.735735 0.577908 0.645333 -0.0747337 0.101411 2
